'$DJI', 3.5122145000000042, -5.466739100000003, 0
'$SPX', 1.1382832999999986, -0.6899416, 0
'$VIX', 0.2322588999999995, -0.0036275000000000057, 0
'A', 0.019466000000000205, -0.011269399999999874, 0
'AA', 0.019675200000000004, -0.03562730000000014, 0
'AAPL', 0.1515226999999999, 0.027402600000000055, 0
'ABC', -0.013622799999999602, 0.007598299999999947, 0
'ABKFQ', 0.013687600000000133, -0.050405299999999986, 0
'ABT', -0.0009537999999997826, 0.001331500000000041, 0
'ACAS', 0.0658281000000005, -0.05415600000000009, 0
'ACE', 0.09998910000000039, -0.016123300000000063, 0
'ACN', -0.0006255000000006117, 0.011794599999999988, 0
'ACS', 0.04108570000000045, 0.030928000000000067, 0
'ADBE', 0.028035800000000055, -0.010843900000000017, 0
'ADI', 0.02645009999999992, 0.005006199999999961, 0
'ADM', 0.010163699999999887, -0.024145400000000095, 0
'ADP', 0.030536599999999803, 0.0032288000000000316, 0
'ADSK', 0.03991190000000033, -0.04659550000000001, 0
'AEE', -0.002901399999999388, -0.03360519999999989, 0
'AEP', -0.008039700000000427, -0.013550799999999974, 0
'AES', 0.010183300000000228, -0.016143199999999913, 0
'AET', 0.05951030000000035, -0.049378800000000056, 0
'AFL', 0.03215619999999886, -0.024597299999999933, 0
'AGN', 0.04608240000000041, -0.001269100000000023, 0
'AIG', 0.703144199999999, -1.8090381, 0
'AIV', 0.03584249999999978, -0.013042800000000021, 0
'AIZ', 0.039846300000000445, -0.06509789999999993, 0
'AKAM', 0.04592350000000045, -0.016504399999999864, 0
'ALL', 0.05115100000000017, -0.03297570000000005, 0
'ALTR', 0.007649399999999806, 0.00816220000000012, 0
'ALXN', 0.02301470000000072, 0.01042809999999994, 0
'AMAT', 0.02652570000000054, -0.005846000000000018, 0
'AMD', 0.0025730000000003805, 0.0047128000000000725, 0
'AMGN', 0.0778928000000001, 0.018444499999999975, 0
'AMP', 0.06830479999999994, -0.0283331, 0
'AMT', 0.0790727, 0.002882000000000051, 0
'AMZN', 0.20943680000000042, 0.07403329999999997, 0
'AN', 0.021796200000000265, 0.007478099999999932, 0
'ANF', 0.0956753000000008, -0.0791753999999999, 0
'ANR', 0.1952172000000001, 0.021666500000000033, 0
'AON', 0.0418400000000001, -0.014105900000000116, 0
'APA', 0.11070170000000013, -0.013202799999999959, 0
'APC', 0.04443710000000034, -0.007941599999999993, 0
'APD', 0.06826940000000015, -0.02193540000000005, 0
'APH', 0.02532119999999982, 0.003146000000000093, 0
'APOL', 0.15231370000000033, -0.015902700000000047, 0
'ARG', 0.06164639999999921, -0.004870700000000117, 0
'ASH', -0.029476300000000677, -0.011358499999999938, 0
'ATI', 0.1601986000000002, -0.07092899999999991, 0
'AVB', 0.21722230000000153, 0.0020013000000000947, 0
'AVP', 0.013134599999999663, -0.011197300000000077, 0
'AVY', 0.029625099999999183, -0.022559499999999955, 0
'AXP', 0.06087100000000012, -0.01661200000000007, 0
'AYE', 0.03518880000000002, -0.07313679999999989, 0
'AZO', 0.07198249999999962, 0.08077819999999991, 0
'BA', 0.043614999999999515, -0.0526276, 0
'BAC', 0.04882259999999938, -0.04471679999999989, 0
'BAX', 0.008838099999999294, 0.004192299999999927, 0
'BBBY', 0.030386999999999276, 0.01963130000000013, 0
'BBT', 0.09771919999999978, -0.0020809999999998885, 0
'BBY', 0.04724360000000005, -0.019994600000000085, 0
'BC', 0.034179599999999644, -0.008009199999999939, 0
'BCR', 0.019292199999999537, -0.02731030000000001, 0
'BDK', -0.011597799999999658, -0.011746600000000051, 0
'BDX', 0.03027790000000019, -0.011120899999999989, 0
'BEAM', 0.07006890000000032, -0.04868589999999995, 0
'BEN', 0.19659319999999925, -0.013792200000000032, 0
'BF.B', 0.0207607000000003, -0.003597399999999862, 0
'BHI', 0.06533949999999966, -0.07621790000000006, 0
'BIG', 0.005804800000000387, 0.02623579999999981, 0
'BIIB', 0.06213270000000026, -0.006032700000000002, 0
'BJS', 0.0340437999999994, -0.01210840000000002, 0
'BK', 0.14419470000000012, -0.03313239999999995, 0
'BLK', 0.5099044000000004, 0.041640700000000086, 0
'BLL', 0.018674099999999916, 0.007213399999999925, 0
'BMC', 0.034437599999999735, 0.009853000000000112, 0
'BMS', 0.008748799999999557, 0.007739599999999847, 0
'BMY', -0.006868800000000341, 0.002806799999999887, 0
'BRCM', 0.04613949999999978, 0.009259300000000081, 0
'BRK.B', 0.05124200000000001, -0.05453720000000006, 0
'BRLI', -0.0008750999999996845, 0.006846800000000153, 0
'BSC', -0.0021652000000000893, 0.0013547999999998783, 2
'BSX', 0.004229800000000505, -0.005223099999999925, 0
'BTU', 0.1015263999999998, -0.0339470999999999, 0
'BUD', -0.026758699999999913, 0.024641300000000088, 2
'BXP', 0.2113170000000002, -0.03704380000000007, 0
'C', 0.4793145999999999, -0.4829181, 0
'CA', 0.023678600000000216, -0.003884599999999905, 0
'CAG', -0.015532400000000002, 0.0020980999999999916, 0
'CAH', 0.01194349999999944, -0.0031628999999999685, 0
'CAM', 0.07199209999999945, -0.01737630000000001, 0
'CAT', 0.05584119999999948, -0.018137700000000034, 0
'CB', 0.09606000000000003, -0.0034129999999999994, 0
'CBE', 0.04946000000000006, -0.01209440000000006, 0
'CBG', 0.0182182999999998, -0.01616850000000003, 0
'CBS', 0.010631000000000279, -0.018841200000000113, 0
'CBSH', 0.08887049999999963, 0.0004227000000001091, 0
'CCE', -0.008736999999999773, -0.00511830000000002, 0
'CCI', 0.06437950000000003, -0.0031506000000000034, 0
'CCL', 0.04647060000000036, -0.02091490000000007, 0
'CCMO', -0.03483939999999219, 0.0019499999999998963, 2
'CCT', -0.013345800000000185, 0.003517400000000004, 0
'CEG', 0.014192900000000064, -0.11219310000000016, 0
'CELG', 0.059273199999999804, 0.017541199999999924, 0
'CERN', 0.023888000000000575, 0.02482519999999999, 0
'CF', 0.3030625999999992, -0.039068300000000056, 0
'CFC+A', 0.012129000000000723, 0.01868969999999992, 0
'CFN', -0.013654100000000002, 0.01238589999999995, 2
'CHK', 0.02425660000000085, -0.026386799999999933, 0
'CHRW', 0.1417944999999996, 0.015290000000000026, 0
'CI', 0.033191900000000274, -0.03834850000000001, 0
'CIEN', -0.008048599999999406, -0.04379159999999993, 0
'CINF', 0.04463060000000074, -0.014608800000000088, 0
'CL', -0.015928899999999246, 0.013988200000000006, 0
'CLF', 0.1682008999999991, -0.0038521999999999723, 0
'CLX', 0.0315063999999996, 0.0007585000000001063, 0
'CMA', 0.09296619999999955, -0.019928900000000138, 0
'CMCSA', 0.01643280000000047, -0.0011812999999999407, 0
'CME', 0.15623019999999999, -0.11985790000000007, 0
'CMG', 0.19147479999999972, -0.11956729999999993, 0
'CMI', 0.10689239999999911, -0.027695399999999926, 0
'CMS', -0.008598099999999498, -0.001181900000000069, 0
'CNP', -0.0033477000000001755, -0.0014595999999998943, 0
'CNX', 0.13983010000000085, -0.042109299999999905, 0
'COF', 0.10794499999999996, -0.012976200000000104, 0
'COG', 0.04372589999999987, 0.0017601000000000422, 0
'COH', 0.036161200000000226, 0.011098099999999889, 0
'COL', 0.027250099999999833, -0.025071499999999913, 0
'COP', 0.011579699999999749, -0.04356910000000003, 0
'COST', 0.04297229999999996, -0.015593699999999933, 0
'COV', 0.029289999999999594, 0.010504599999999975, 0
'CPB', -0.006181499999999951, 0.0008274000000001447, 0
'CPWR', 0.002924599999999833, -0.0033786999999999567, 0
'CRM', 0.07496439999999982, 0.025440499999999977, 0
'CSC', 0.015670800000000096, 0.01786769999999982, 0
'CSCO', 0.012445100000000764, -0.005772400000000011, 0
'CSX', 0.00968200000000019, 0.0037770999999999777, 0
'CTAS', 0.017230100000000137, -0.010541199999999917, 0
'CTL', 0.010535499999999365, 0.0003378000000000547, 0
'CTSH', 0.02619029999999989, 0.025225400000000064, 0
'CTXS', 0.03392729999999888, 0.00612440000000003, 0
'CVC', 5.390000000016215e-05, 0.002802799999999994, 0
'CVG', 0.012767299999999704, -0.011005900000000013, 0
'CVH', 0.05254619999999943, -0.06992569999999998, 0
'CVS', 0.03910320000000045, -0.013383099999999981, 0
'CVX', 0.09066140000000034, -0.020617599999999903, 0
'D', -0.007223700000000277, -0.007392500000000024, 0
'DD', 0.031026500000000734, -0.011763300000000032, 0
'DDR', 0.03933149999999985, -0.0400741, 0
'DDS', 0.03381909999999988, 0.001345900000000011, 0
'DE', 0.08992919999999982, -0.06269420000000003, 0
'DELL', 0.011228600000000366, -0.0206464999999999, 0
'DF', -0.0012936999999995091, -0.015470399999999884, 0
'DFS', 0.035271400000000286, -8.460000000010126e-05, 0
'DGX', 0.043790899999999855, 0.01677149999999994, 0
'DHI', 0.04522880000000051, -0.0032031000000001253, 0
'DHR', 0.03981999999999997, -0.011600399999999955, 0
'DIS', 0.02961930000000046, 0.0015856000000000758, 0
'DISCA', 0.026807399999999815, 0.011006400000000083, 0
'DLTR', 0.00824649999999938, 0.014875599999999878, 0
'DNB', 0.11479410000000034, 0.0003740000000000965, 0
'DNR', 0.035555299999999956, -0.0345645, 0
'DO', 0.11098019999999953, -0.03792169999999995, 0
'DOV', 0.010052700000000137, -0.0018872999999999251, 0
'DOW', 0.011090299999999775, -0.015106999999999982, 0
'DPS', -0.02797639999999879, 0.004762099999999991, 2
'DRI', 0.06401339999999989, 0.01726889999999992, 0
'DTE', 0.002265099999999576, 0.007003099999999929, 0
'DTV', 0.052082100000000464, 0.020922399999999897, 0
'DUK', -0.008474000000000204, -0.0033048000000001077, 0
'DV', 0.08351010000000092, 0.011408300000000038, 0
'DVA', 0.04925230000000025, 0.0051586999999999605, 0
'DVN', 0.09027120000000033, -0.0340339999999999, 0
'DYN', 0.0402930000000008, -0.056660000000000044, 0
'EA', 0.0024783999999993256, -0.07896409999999987, 0
'EBAY', -0.006555399999999656, -0.018679200000000007, 0
'ECL', -0.005983099999999353, -0.010909999999999975, 0
'ED', -0.0051194999999999435, 0.003502799999999917, 0
'EDS', -0.010830599999999801, 0.0022440000000001348, 0
'EFX', 0.031108899999998885, -0.008129300000000117, 0
'EIX', 0.01436459999999995, -0.028379799999999955, 0
'EK', 0.007879000000000191, -0.03350869999999995, 0
'EL', -0.003325200000000361, 0.005819100000000077, 0
'EMC', 0.01427139999999949, -0.001653899999999986, 0
'EMN', 0.0033383000000004603, 0.003415600000000074, 0
'EMR', 0.019599499999999326, -0.017951400000000173, 0
'EOG', 0.052228400000000175, 0.012099899999999941, 0
'EP', 0.02711529999999973, -0.013981999999999939, 0
'EQ', -0.008603599999993161, -0.014487099999999864, 2
'EQR', 0.08566969999999996, 0.0017247000000000234, 0
'EQT', 0.06865210000000044, -0.01637029999999995, 0
'ERTS', 0.0114814999999997, -0.07896409999999987, 0
'ESRX', 0.0310408000000002, 0.012263099999999971, 0
'ESV', 0.03030960000000027, -0.039854399999999846, 0
'ETFC', 0.12539100000000025, -0.03411799999999998, 0
'ETN', 0.01869379999999987, -0.022695200000000026, 0
'ETR', 0.0076793000000001665, -0.049818099999999976, 0
'EW', -0.010908199999999146, 0.04078080000000006, 0
'EXC', 0.06658849999999972, -0.04643799999999998, 0
'EXPD', 0.04658129999999994, -0.01623219999999992, 0
'EXPE', 0.006826600000000571, -0.01480440000000005, 0
'F', -0.0026530000000003495, 0.00633729999999999, 0
'FAKE1', -0.038802299999999956, 0.03627770000000008, 2
'FAKE2', 0.06728690000000004, -0.01464029999999994, 2
'FAST', 0.04514769999999979, 0.0031231000000000453, 0
'FCX', 0.04449959999999975, -0.020314299999999896, 0
'FDO', 0.06643410000000016, 0.018378900000000087, 0
'FDX', 0.1212126, -0.004936199999999946, 0
'FE', 0.02813349999999959, -0.03539470000000011, 0
'FFIV', 0.019373499999999932, 0.05092119999999989, 0
'FHN', 0.015676800000000712, -0.006655999999999884, 0
'FII', 0.02191030000000116, -0.01835259999999994, 0
'FIS', 0.035331300000000176, 0.0020181000000001337, 0
'FISV', 0.013747700000000362, -0.01479639999999982, 0
'FITB', 0.029508500000000604, -0.0263158, 0
'FLIR', 0.032238300000000386, 0.002313699999999974, 0
'FLR', 0.08287460000000069, -0.05142550000000001, 0
'FLS', 0.14476280000000008, 0.0023284999999999556, 0
'FMC', 0.030157799999999346, 0.002007300000000045, 0
'FMCC', -0.01675160000000031, -0.06151329999999999, 0
'FNMA', 0.02754169999999978, -0.07103490000000001, 0
'FOSL', 0.07436569999999953, -0.01339250000000003, 0
'FRX', 0.03926149999999984, -0.007675199999999993, 0
'FSLR', 0.4775969000000002, -0.26883, 0
'FTI', 0.023280800000000212, 0.0027601999999999904, 0
'FTR', -0.003994899999999912, -0.003512099999999907, 0
'GAS', 0.017961399999999905, 0.004194499999999879, 0
'GCI', 0.026523099999999467, -0.03442389999999995, 0
'GD', 0.08818169999999981, -0.030370000000000008, 0
'GE', -0.0012527000000004396, -0.03400539999999996, 0
'GENZ', 0.13513810000000004, -0.05291659999999998, 0
'GILD', 0.08551839999999955, -0.0052251000000000936, 0
'GIS', -0.006193200000000343, 0.015270600000000023, 0
'GLD', 0.07900069999999926, 0.042779300000000076, 0
'GLW', 0.01252140000000046, -0.0072421999999999764, 0
'GME', 0.09329139999999914, -0.07561890000000004, 0
'GNW', 0.01779960000000136, -0.02617410000000009, 0
'GOOG', 0.6937124999999988, -0.14367070000000004, 0
'GPC', 0.00930090000000039, -0.006999199999999983, 0
'GPS', 0.0138845000000003, 0.0020986000000000615, 0
'GR', 0.06936110000000029, -0.005526300000000095, 0
'GS', 0.5115593000000003, -0.07047899999999996, 0
'GT', 0.0066603999999999, -0.026048200000000077, 0
'GWW', 0.07027369999999933, 0.026112299999999866, 0
'HAL', 0.0028380999999997325, -0.015517100000000061, 0
'HAR', 0.04078620000000033, -0.0723722, 0
'HAS', 0.0007319999999995108, 0.014766599999999963, 0
'HBAN', 0.013897500000000562, -0.01854010000000006, 0
'HCBK', 0.010453299999999555, -0.0005608000000000279, 0
'HCN', 0.06786309999999873, 0.007162600000000019, 0
'HCP', 0.059129500000000945, -4.2000000000097515e-06, 0
'HD', 0.04539660000000012, 0.008008900000000096, 0
'HES', 0.1928990000000006, -0.07489469999999998, 0
'HIG', 0.07431789999999983, -0.10606890000000002, 0
'HNZ', -0.038101699999999794, 0.00038800000000005497, 0
'HOG', 0.03560989999999964, -0.03455509999999995, 0
'HON', 0.026900200000000263, -0.033007599999999915, 0
'HOT', 0.06498419999999983, -0.008014500000000147, 0
'HP', 0.08426759999999978, -0.004543100000000133, 0
'HPCCP', 0.00012860000000092242, 0.002054200000000117, 0
'HPQ', 0.04200610000000049, 0.003917200000000065, 0
'HRB', 0.04766699999999968, 0.008602599999999905, 0
'HRL', 0.000792000000000348, -0.0006435999999999664, 0
'HRS', 0.026572499999998778, -0.02349749999999995, 0
'HSP', 0.012352499999999544, 0.016931299999999982, 0
'HST', 0.04056090000000001, -0.009814300000000054, 0
'HSY', 0.005030599999999774, -0.0018306000000000155, 0
'HUM', 0.09015680000000015, -0.06882070000000007, 0
'IACI', 0.033470200000000006, -0.03487390000000001, 0
'IBM', 0.03983679999999912, 0.054832000000000214, 0
'ICE', 0.37430920000000034, -0.14957699999999996, 0
'IFF', 0.03698110000000021, -0.007773600000000047, 0
'IGT', 0.008392200000000072, -0.04443889999999995, 0
'INTC', 0.023728199999999866, -0.006943900000000003, 0
'INTU', 0.045057600000000475, -0.0016108000000000233, 0
'IP', -0.0044987000000003, -0.005298099999999972, 0
'IPG', 0.003542700000000787, -0.0013455999999999468, 0
'IR', 0.04548160000000023, -0.014600200000000063, 0
'IRM', 0.021231499999999626, -0.02547060000000012, 0
'ISRG', 0.727359500000001, -0.04751280000000002, 0
'ITT', 0.18408919999999895, -0.04835719999999999, 0
'ITW', 0.017119699999999183, -0.0032860999999999585, 0
'IVZ', 0.047611700000000035, -0.010689800000000083, 0
'IYR', 0.11199989999999982, -0.024330899999999933, 0
'JAVA', -0.003297699999999848, -0.01656690000000005, 0
'JBL', 0.006220299999999623, 0.006082099999999979, 0
'JCI', 0.03254550000000034, -0.011507900000000126, 0
'JCP', 0.052444399999999725, -0.02485740000000003, 0
'JDSU', 0.006635900000000472, -0.010172799999999982, 0
'JEC', 0.16409070000000003, -0.11956130000000009, 0
'JNJ', 0.0005780000000010777, 0.00305500000000003, 0
'JNPR', 0.04624349999999944, -0.01164670000000001, 0
'JNS', 0.043545199999999396, -0.03504869999999993, 0
'JNY', 0.014288000000000745, 0.0018853000000000897, 0
'JOY', 0.1329395000000002, -0.021603099999999986, 0
'JPM', 0.10542099999999865, 0.0014793000000001832, 0
'JWN', 0.04823120000000092, 0.007150699999999954, 0
'K', -0.004645199999999794, 0.0071878000000000775, 0
'KBH', 0.06633050000000096, -0.012095300000000031, 0
'KEY', 0.032076299999999724, -0.030777799999999966, 0
'KFT', -0.0035215000000003993, -0.004958600000000035, 0
'KG', -0.0006532999999996347, 0.004058000000000117, 0
'KIM', 0.03407189999999938, -0.03308520000000004, 0
'KLAC', 0.026723599999999292, -0.016634199999999932, 0
'KMB', -0.008913400000000071, -0.0008750999999999065, 0
'KMX', 0.035948800000000114, 0.007717799999999997, 0
'KO', -0.010656500000001401, -0.0010702999999999685, 0
'KR', 0.03135100000000013, -0.008990799999999965, 0
'KSS', 0.0605988000000004, 0.016325799999999946, 0
'L', 0.030901800000000312, -0.02750509999999995, 0
'LEG', 0.010303400000000185, 0.009028099999999872, 0
'LEHMQ', -0.004806799999999667, -0.12315229999999999, 0
'LEN', 0.04721000000000042, -0.007483399999999918, 0
'LH', 0.017492200000000846, -0.0020375000000000254, 0
'LIFE', 0.01347570000000009, 0.011881900000000112, 0
'LIZ', 0.011466399999999766, -0.0275069, 0
'LLL', 0.019808200000000165, -0.029786300000000043, 0
'LLTC', 0.0036493000000008546, 0.002153700000000036, 0
'LLY', 0.04015010000000019, -0.021560399999999924, 0
'LM', 0.08138339999999977, -0.07556039999999997, 0
'LMT', 0.04460390000000003, -0.04620820000000003, 0
'LNC', 0.07585970000000009, -0.05718749999999995, 0
'LO', -0.05080719999999861, 0.015355100000000066, 2
'LOW', 0.054346399999999795, 0.0030567999999999707, 0
'LRCX', 0.05019810000000002, -0.007857400000000014, 0
'LSI', 0.012247399999999686, 0.0019521000000000122, 0
'LTD', 0.011378600000000239, 0.004350999999999994, 0
'LUK', 0.008867000000000624, -0.04363899999999998, 0
'LUV', 0.013972900000000621, -0.0010492999999999197, 0
'LXK', 0.027895500000000073, -0.016074699999999997, 0
'M', 0.014343599999999901, -0.014171499999999893, 0
'MA', 0.4194470000000008, 0.07993880000000009, 0
'MAR', 0.028892800000000385, -0.010778999999999983, 0
'MAS', -0.0013754000000000266, -0.010265599999999986, 0
'MAT', 0.004392200000000068, 0.005166499999999852, 0
'MBI', 0.04636210000000052, -0.030428599999999806, 0
'MCD', -0.008782599999999974, 0.013225899999999902, 0
'MCHP', 0.01835399999999976, 0.0022184000000000648, 0
'MCK', 0.018517300000000292, -0.0018977999999999495, 0
'MCO', 0.06517479999999942, -0.01464029999999994, 0
'MDP', 0.017078300000000768, -0.035024900000000025, 0
'MDT', -0.005282399999999798, -0.008257599999999976, 0
'MET', 0.14819639999999978, -0.042204599999999926, 0
'MHP', 0.09315629999999953, -0.013325400000000043, 0
'MHS', 0.04674329999999949, 0.022984499999999963, 0
'MI', 0.07133129999999999, -0.03700960000000009, 0
'MIL', 0.013278599999999363, -0.02354479999999992, 0
'MJN', -0.10726760000001301, 0.03331149999999994, 2
'MKC', 0.005337900000000451, 0.0010504000000000069, 0
'ML4T-000', 0.30850746522000017, -0.013251838900000035, 0
'ML4T-001', 0.2676674053900001, -0.003935456450000041, 0
'ML4T-002', -0.14445255967000015, 0.004147854760000236, 0
'ML4T-003', -0.22004648202999977, -0.02219467106999995, 0
'ML4T-004', -0.3741550772599995, -0.0051051479899999475, 0
'ML4T-005', 0.1540835812000001, -0.007030692569999997, 0
'ML4T-006', 0.20953598665000062, 0.04543087738000007, 0
'ML4T-007', -0.2565451183100004, -0.008123105229999927, 0
'ML4T-008', 0.6621047635200004, -0.026550374250000064, 0
'ML4T-009', -0.03801291154000053, 0.02064840119999989, 0
'ML4T-010', -0.0423545731499998, 0.015085418660000016, 0
'ML4T-011', 0.6213218485000003, -0.06581766417000001, 0
'ML4T-012', 0.03302246562000022, -0.003381634639999964, 0
'ML4T-013', -0.0007541333399998518, -0.0002517329999999207, 0
'ML4T-014', 0.29273398492000036, 0.005837538790000041, 0
'ML4T-015', 0.17134635878000037, 0.007731377950000118, 0
'ML4T-016', 0.03748557707999911, -0.0018563532099999946, 0
'ML4T-017', -0.42768433005999973, -0.038532758789999955, 0
'ML4T-018', -0.05671083933000132, -0.003414048519999824, 0
'ML4T-019', 1.3470354636200015, 0.01968911569999987, 0
'ML4T-020', 0.7327931544300006, 0.0030954982899999983, 0
'ML4T-021', -0.3416518208500008, -0.013323888029999953, 0
'ML4T-022', -0.26042728932000037, -0.03506319300999994, 0
'ML4T-023', -0.4278823035399999, -0.02775310028000011, 0
'ML4T-024', -0.3984797984799996, -0.00798600453999987, 0
'ML4T-025', 0.018675641770000473, -0.011746443760000003, 0
'ML4T-026', -0.20880084953000055, 0.04208607125000019, 0
'ML4T-027', -0.05243524924999865, 0.04922069723999978, 0
'ML4T-028', -0.02891459457000045, -0.007688735490000154, 0
'ML4T-029', 0.04136943251000047, 0.008965409069999986, 0
'ML4T-030', -0.039218314439999236, -0.05080498528999999, 0
'ML4T-031', -0.28736897852000054, -0.005993217580000043, 0
'ML4T-032', -0.31515151161000043, 0.045964264700000035, 0
'ML4T-033', -0.6091603904000011, -0.01843508224000001, 0
'ML4T-034', -0.03911471049000015, 0.0010768283400000023, 0
'ML4T-035', -0.13217722269000065, -0.01259265129999998, 0
'ML4T-036', -0.1965921708499997, -0.0013939231100000837, 0
'ML4T-037', 0.41120981622999997, -0.022214814699999863, 0
'ML4T-038', 0.15113251697999908, 0.018055259289999848, 0
'ML4T-039', -0.08968985035999988, 0.0028130403999999665, 0
'ML4T-040', -0.19498615190999957, 0.0008255294799999202, 0
'ML4T-041', 0.13267285718000066, 0.021311389429999883, 0
'ML4T-042', -0.23709689805999978, -0.013829153609999922, 0
'ML4T-043', -0.07110878741999971, -0.007040476230000037, 0
'ML4T-044', -0.2570788723399994, -0.032280282029999996, 0
'ML4T-045', -0.2835895474199992, 0.0011057101099998246, 0
'ML4T-046', -0.23797845651000038, -0.026510780990000038, 0
'ML4T-047', -0.05378572908000012, 0.007518322799999977, 0
'ML4T-048', -0.09791092799000001, 0.04166375269000011, 0
'ML4T-049', -0.15576387304000028, -0.035635303509999994, 0
'ML4T-050', -0.10524803030999963, -0.0019043966699999748, 0
'ML4T-051', -0.26557561883000047, -0.006175248129999922, 0
'ML4T-052', -0.25013519235000015, -0.0255881619399998, 0
'ML4T-053', 1.0884453068199997, -0.020962521929999922, 0
'ML4T-054', -0.34310692571000045, 0.030875135150000066, 0
'ML4T-055', 0.018715396129999506, -0.0005149344399999478, 0
'ML4T-056', 1.0577414699700003, -0.05744763799999997, 0
'ML4T-057', 0.12045791065999967, 0.016496211540000028, 0
'ML4T-058', -0.3914530489099999, -0.003276879729999904, 0
'ML4T-059', -0.23763364968000078, -0.012560021589999915, 0
'ML4T-060', -0.260208605349999, -0.0041124866799999715, 0
'ML4T-061', -0.03729413132999981, -0.017329299109999807, 0
'ML4T-062', -0.016292256929999804, -0.0014467825899999731, 0
'ML4T-063', -0.39929986835000064, 0.03904978608000009, 0
'ML4T-064', -0.11025539823000086, 0.006692425029999782, 0
'ML4T-065', -0.20408053589999953, -0.005000333100000032, 0
'ML4T-066', -0.31548817946000196, -0.006558214319999811, 0
'ML4T-067', -0.35440448912999967, -0.037894107499999996, 0
'ML4T-068', -0.018625058350000168, 0.003569143519999818, 0
'ML4T-069', 0.07550535815000048, -0.02468814110999995, 0
'ML4T-070', 0.013794251090001097, -0.0025520769799999288, 0
'ML4T-071', -0.31353021256000047, -0.010025394940000099, 0
'ML4T-072', -0.3360781271399993, -0.013898596690000153, 0
'ML4T-073', -0.12234276487999973, -0.0331984982600001, 0
'ML4T-074', 0.13440117030000165, 0.001985952910000144, 0
'ML4T-075', -0.2978308134300022, 0.003814616559999928, 0
'ML4T-076', -0.029007938510000275, -0.016095333169999892, 0
'ML4T-077', -0.004061331090000064, -0.006155667140000043, 0
'ML4T-078', 0.55851389345, 0.0463676625799998, 0
'ML4T-079', 1.0231007206000005, 0.05221908932000008, 0
'ML4T-080', 0.13984481054999987, 0.011140232590000076, 0
'ML4T-081', -0.14481259698000026, -0.003305253269999864, 0
'ML4T-082', -0.27729369772000034, -0.014043479419999949, 0
'ML4T-083', 0.7285414646600004, -0.0576368707499999, 0
'ML4T-084', -0.12933472357999864, 0.021251444080000015, 0
'ML4T-085', -0.3732657309000018, -0.0014528410600000985, 0
'ML4T-086', 0.9195101847800009, -0.01835347800999998, 0
'ML4T-087', -0.2147300135900002, -0.00684887857000005, 0
'ML4T-088', 1.1205350759800004, -0.04005590946000015, 0
'ML4T-089', -0.001605638829999756, 0.03703022372999998, 0
'ML4T-090', 0.07112608341000048, -0.02575033763000001, 0
'ML4T-091', -0.11934566985000061, 0.002587851099999927, 0
'ML4T-092', 0.1710726723000009, 0.05970629106000014, 0
'ML4T-093', -0.25908769196999926, 0.0011151177099999465, 0
'ML4T-094', -0.17516874650999903, -0.004667048439999877, 0
'ML4T-095', -0.12808259755999984, -0.006860367210000162, 0
'ML4T-096', 0.6001575970699982, -0.011327751210000181, 0
'ML4T-097', 0.6542345119700004, -0.028663365240000127, 0
'ML4T-098', 0.01945377580999974, -0.0004242437900000562, 0
'ML4T-099', -0.08574822135000049, 0.03871575829000018, 0
'ML4T-100', -0.10208919649999992, -0.01273374626999979, 0
'ML4T-101', -0.21323217971000064, 0.0292949603599999, 0
'ML4T-102', -0.11233984167999977, -0.004107893920000105, 0
'ML4T-103', 0.4131472481899996, -0.0063908728900000655, 0
'ML4T-104', -0.2650532533599995, -0.0072603983900000335, 0
'ML4T-105', -0.283601358379999, -0.01968850943, 0
'ML4T-106', 0.36815567851000175, 0.02582819683000004, 0
'ML4T-107', 1.1208983358599989, -0.0009337202799999389, 0
'ML4T-108', 0.013137361269999648, 0.025402638209999884, 0
'ML4T-109', 0.16845868973, -0.00720624450000007, 0
'ML4T-110', 0.3863734679899993, -0.018719783059999995, 0
'ML4T-111', 0.017339086879999854, -0.05280645390999994, 0
'ML4T-112', -0.2821235286299989, -0.029706891319999817, 0
'ML4T-113', -0.3637265730400001, -0.006262179849999772, 0
'ML4T-114', -0.05987433670999953, -0.004211706209999999, 0
'ML4T-115', -0.12292656783000011, -0.04062949590000009, 0
'ML4T-116', -0.08724599315999948, -0.006831448460000056, 0
'ML4T-117', -0.10754658337999923, -0.03387711907000002, 0
'ML4T-118', -0.29855534268999995, -0.021183586980000224, 0
'ML4T-119', -0.3625818927100011, -0.011777702860000017, 0
'ML4T-120', 0.09509273218999947, 0.004043038390000087, 0
'ML4T-121', -0.4325460124300001, -0.021117748420000026, 0
'ML4T-122', -0.3150474331400014, -0.027959323230000166, 0
'ML4T-123', 0.028495547439999713, -0.012869610109999874, 0
'ML4T-124', -0.08017442919000084, 0.01459447042000006, 0
'ML4T-125', -0.29786878090000046, -0.008994644289999965, 0
'ML4T-126', -0.2942684061299994, -0.02869314419000002, 0
'ML4T-127', -0.28158590188999955, -0.01837044040999991, 0
'ML4T-128', -0.5591236819200018, 0.01356514858000013, 0
'ML4T-129', -0.5720300749200005, 0.029751618370000177, 0
'ML4T-130', 0.552901453169999, -0.033576997880000126, 0
'ML4T-131', -0.018883740070000488, -0.011348918260000063, 0
'ML4T-132', -0.18268676752000101, -0.010368134409999952, 0
'ML4T-133', -0.14690833191000052, -0.024164504299999834, 0
'ML4T-134', -0.25758752893999937, 0.028718708039999985, 0
'ML4T-135', -0.24373055542999933, -0.005399324039999875, 0
'ML4T-136', -0.1919803517800006, -0.02554256851999992, 0
'ML4T-137', 0.127015700399999, -0.043190792950000056, 0
'ML4T-138', -0.2527235187199999, -0.016091231110000104, 0
'ML4T-139', 0.11364716449999923, 0.057554475260000126, 0
'ML4T-140', -0.11868600186999945, 0.009789071699999985, 0
'ML4T-141', 0.0110120375799998, -0.04116113687999978, 0
'ML4T-142', -0.3656787503200003, 0.025380596570000025, 0
'ML4T-143', 0.020400728720000316, 0.0024270227100000596, 0
'ML4T-144', -0.06360027203000007, -0.054974413509999986, 0
'ML4T-145', -0.2462978895400002, 0.05481880407999995, 0
'ML4T-146', -0.536707702510002, -0.003104031999999868, 0
'ML4T-147', 0.1337130474700008, -0.00854412362999979, 0
'ML4T-148', 0.28488650475999977, -0.013280168169999995, 0
'ML4T-149', 0.20897230569000058, 0.005959184790000016, 0
'ML4T-150', 0.5412272797200006, 0.01648270703999999, 0
'ML4T-151', -0.22451174723999978, 0.002587904130000096, 0
'ML4T-152', -0.1192853891000003, -0.028166146370000034, 0
'ML4T-153', -0.41563058397999975, -0.01878658990000015, 0
'ML4T-154', 0.13108650133999977, -0.0042365964299999614, 0
'ML4T-155', -0.0889083569099991, -0.012086665229999904, 0
'ML4T-156', -0.10757348010999912, -0.00023104259999995325, 0
'ML4T-157', 0.8945789700399998, 0.004320590970000149, 0
'ML4T-158', -0.044050281059998864, -0.015618154149999897, 0
'ML4T-159', 0.22172351971000048, -0.001901002350000014, 0
'ML4T-160', -0.32242876781999963, 0.003748419340000142, 0
'ML4T-161', -0.057877374679999316, -0.010758211039999854, 0
'ML4T-162', -0.06237202832999855, -0.03616486673000008, 0
'ML4T-163', -0.02088541339999972, -0.008009758520000076, 0
'ML4T-164', 0.05651178327000106, -0.0051534702200000115, 0
'ML4T-165', -0.44471841780000065, 0.005338717259999903, 0
'ML4T-166', -0.37481613978999917, -0.011452693950000148, 0
'ML4T-167', -0.17658795609999967, -0.02050344929000003, 0
'ML4T-168', 0.01491752135999902, -0.003730057429999989, 0
'ML4T-169', 0.06053999631000062, -0.0026220737799999005, 0
'ML4T-170', -0.1815391151100012, -0.004945890669999953, 0
'ML4T-171', 0.41208811263999956, 0.006373997370000106, 0
'ML4T-172', -0.07431119241999928, -0.007280979729999859, 0
'ML4T-173', -0.13855123398000058, 0.020721208500000143, 0
'ML4T-174', 0.48236157504999944, -0.0029965357599998077, 0
'ML4T-175', -0.11796574154999939, -0.003033991620000065, 0
'ML4T-176', -0.2653552473599987, 0.004314971290000358, 0
'ML4T-177', -0.1919655475000005, -0.05347533122999981, 0
'ML4T-178', -0.24721216176000105, 0.046858830709999966, 0
'ML4T-179', -0.2883589674900009, 0.0013803550799997844, 0
'ML4T-180', 0.5299159635400004, 0.00925438017000002, 0
'ML4T-181', -0.25300219992999906, -0.02007622891000005, 0
'ML4T-182', -0.5956196401899999, 0.0064029245199999085, 0
'ML4T-183', 0.17911800759000007, -0.05276799895999995, 0
'ML4T-184', 0.13343606810000064, 0.04217990835000007, 0
'ML4T-185', -0.4674015197100003, -0.013470082309999798, 0
'ML4T-186', 0.04944995154000131, -0.013522013300000135, 0
'ML4T-187', 0.4663075863700006, 0.03490965711000005, 0
'ML4T-188', -0.07838650719000007, 0.004995190930000115, 0
'ML4T-189', -0.26809700593999963, 0.0021570793599998694, 0
'ML4T-190', 0.907654112399999, 0.02926050181999984, 0
'ML4T-191', -0.2833783568900007, -0.008165008489999903, 0
'ML4T-192', 0.13738854444999982, 0.006757155739999909, 0
'ML4T-193', -0.04502320945000071, 0.04084808772000015, 0
'ML4T-194', -0.1913462723799988, -0.025648753400000168, 0
'ML4T-195', 0.0246748667100003, -0.0004714078999998872, 0
'ML4T-196', 1.7513146872899994, -0.030943374119999922, 0
'ML4T-197', -0.45933157617999976, -0.01965658859999997, 0
'ML4T-198', -0.11726479545000013, -0.006898011810000049, 0
'ML4T-199', -0.2585844347300017, 0.02557776288000002, 0
'ML4T-200', -0.032736285530000075, -0.021626514900000005, 0
'ML4T-201', -0.2619824094800015, 0.04586793752999996, 0
'ML4T-202', -0.18360854365000034, 0.005738302239999937, 0
'ML4T-203', -0.12721647187999918, -0.004229036769999972, 0
'ML4T-204', 0.15840366455, -0.01596838566000003, 0
'ML4T-205', -0.45217738379999994, -0.009350477779999977, 0
'ML4T-206', 0.02945582776000144, -0.014503529940000148, 0
'ML4T-207', 0.014234643209999787, -0.005980702380000036, 0
'ML4T-208', -0.2151285999300001, 0.01838996611999999, 0
'ML4T-209', -0.0841420615799997, 0.01958929768999984, 0
'ML4T-210', -0.25315820086999996, -0.01375706065999982, 0
'ML4T-211', 0.4487384137999981, -0.040011204179999926, 0
'ML4T-212', -0.22902437265999953, -0.017483482420000085, 0
'ML4T-213', -0.2637005350499987, -0.004284411059999882, 0
'ML4T-214', -0.2757022490299994, -0.008070094019999918, 0
'ML4T-215', -0.03275825879000016, -0.0013578044399999989, 0
'ML4T-216', -0.17455161912999917, 0.016319532320000052, 0
'ML4T-217', -0.1588820998799999, -0.003988041669999998, 0
'ML4T-218', -0.22720199831999988, -0.008948374469999965, 0
'ML4T-219', -0.02463124941000061, 0.006712003620000129, 0
'ML4T-220', 1.2757843133000004, -0.0010642448799998983, 0
'ML4T-221', -0.10581253136000002, 0.011918803359999952, 0
'ML4T-222', 1.156575705609999, -0.06415529113000007, 0
'ML4T-223', 0.6227385081399994, 0.03913504749999985, 0
'ML4T-224', 0.11208464411000074, 0.013967132669999938, 0
'ML4T-225', 0.09128178309999924, -0.011449457000000218, 0
'ML4T-226', -0.1385230504700009, -0.014354333810000064, 0
'ML4T-227', -0.09406270697999952, -0.003751706690000023, 0
'ML4T-228', 0.40705952150999947, 0.035095387529999966, 0
'ML4T-229', -0.29893865325000035, -0.018086712350000034, 0
'ML4T-230', -0.08026485779999948, -0.001216502179999912, 0
'ML4T-231', -0.12380601190000129, -0.0749204135099999, 0
'ML4T-232', -0.11704167975000002, 0.006416759199999955, 0
'ML4T-233', 0.5173625105100008, -0.028372872079999945, 0
'ML4T-234', -0.20178141862999954, -0.008640275089999871, 0
'ML4T-235', -0.3057402180000012, -0.02326277927999998, 0
'ML4T-236', -0.4485455166599993, -0.019904400980000014, 0
'ML4T-237', -0.24156979197999973, -0.004316572499999616, 0
'ML4T-238', -0.26480572372999933, 0.0022313802100000224, 0
'ML4T-239', 0.11715504648000064, -0.005692757089999945, 0
'ML4T-240', -0.4286444529499992, 0.014127667360000151, 0
'ML4T-241', -0.08064254328999987, 0.006185325289999932, 0
'ML4T-242', -0.2561704239199998, -0.004768846679999883, 0
'ML4T-243', 1.102378537299999, 0.013178290820000216, 0
'ML4T-244', -0.24753032198000025, 0.004998572689999925, 0
'ML4T-245', 0.2007739621900002, -0.0029947022799998724, 0
'ML4T-246', 0.5985668801999999, -0.03527824562000004, 0
'ML4T-247', -0.2649862164100002, -0.007192651080000112, 0
'ML4T-248', 0.06601673860000012, -0.060928137520000036, 0
'ML4T-249', 0.3054237496900003, -0.025178743499999934, 0
'ML4T-250', -0.23337378177, -0.018105037069999996, 0
'ML4T-251', -0.3795524702899997, -0.005920605280000046, 0
'ML4T-252', -0.06469765054999921, -0.008805675660000012, 0
'ML4T-253', -0.25574821588999896, -0.0006680748699999794, 0
'ML4T-254', -0.07083731814000016, -0.01740773079000002, 0
'ML4T-255', 0.768913684090001, -0.052582646820000134, 0
'ML4T-256', 0.3685326293599984, -0.0032312163900000135, 0
'ML4T-257', 1.2098919819100002, -0.047789475660000025, 0
'ML4T-258', -0.18126837063999968, -0.013205173509999835, 0
'ML4T-259', -0.03156709407000047, -0.00011885890999996374, 0
'ML4T-260', -0.33739249941999927, -0.032527711699999906, 0
'ML4T-261', -0.020958173369999167, -0.06497854042000006, 0
'ML4T-262', 0.14632209848999977, -0.0051360264500001085, 0
'ML4T-263', -0.4270918112399996, -0.01630893574000003, 0
'ML4T-264', -0.051182416129999964, 0.0006586271500002017, 0
'ML4T-265', 1.0391985463899993, 0.0071603223899998625, 0
'ML4T-266', -0.20392048028999943, -0.010862605169999928, 0
'ML4T-267', 0.3170917947199998, -0.002215254350000029, 0
'ML4T-268', 0.11698483004000004, 4.8488970000093445e-05, 0
'ML4T-269', 0.792538419999999, -0.021980805379999913, 0
'ML4T-270', -0.014929256249999301, -0.00117091323999996, 0
'ML4T-271', -0.2289609936600001, -0.005862798849999851, 0
'ML4T-272', -0.0935835207500002, 0.012210750320000185, 0
'ML4T-273', -0.1422355240699994, 0.032121100749999965, 0
'ML4T-274', 0.21564527212999907, -0.008090190519999929, 0
'ML4T-275', -0.22994375202000117, 0.004562287199999737, 0
'ML4T-276', -0.39996515052000037, -0.00653983398999991, 0
'ML4T-277', 0.3532049713500005, -0.03927739022999999, 0
'ML4T-278', -0.5288940817600016, -0.009678767730000093, 0
'ML4T-279', 0.05197967152999983, 0.030389086570000057, 0
'ML4T-280', -0.022050726720000635, 0.04803455863000017, 0
'ML4T-281', 0.045781993989999714, -0.033506743250000026, 0
'ML4T-282', -0.33045280483000083, -0.013346242050000012, 0
'ML4T-283', 0.7020280507700001, -0.01338967463999996, 0
'ML4T-284', -0.24553434873000035, 0.030275115050000023, 0
'ML4T-285', -0.49606630633999893, -0.011392920479999735, 0
'ML4T-286', -0.33079626984000043, 0.005650287909999996, 0
'ML4T-287', -0.22704367837000028, -0.015343355940000025, 0
'ML4T-288', -0.3178973068800004, 0.026467003380000076, 0
'ML4T-289', -0.29675484477, -0.0035474371999999477, 0
'ML4T-290', -0.12341786168000035, -0.0010138185400000443, 0
'ML4T-291', -0.0856647228199997, 0.0727853506899998, 0
'ML4T-292', -0.09726427916000047, -0.0017384499700000555, 0
'ML4T-293', 1.6752143227500005, 0.0029817237500000537, 0
'ML4T-294', -0.3718689361900007, -0.013903090379999927, 0
'ML4T-295', -0.12822897983000103, -0.015933718569999922, 0
'ML4T-296', -0.10474304950000046, 0.0034622461600000154, 0
'ML4T-297', -0.39102441160000045, -0.024491613529999845, 0
'ML4T-298', -0.21703359158000124, -0.023089203700000116, 0
'ML4T-299', -0.07908041731000015, 0.0014624787899999436, 0
'ML4T-300', -0.2022346446000005, -0.0010436186900000255, 0
'ML4T-301', -0.3117683546200003, -0.007990703189999726, 0
'ML4T-302', -0.16048739358000053, 0.021975237250000168, 0
'ML4T-303', 0.22288449439000013, -0.0056311332499999756, 0
'ML4T-304', -0.19108469952000018, -0.00369958640000001, 0
'ML4T-305', 0.7502968296500003, -0.042452955129999914, 0
'ML4T-306', -0.031085785900000218, -0.0213830060700001, 0
'ML4T-307', -0.29749448110999943, 0.02533478474999984, 0
'ML4T-308', 0.04182183238000081, -0.054548292190000014, 0
'ML4T-309', -0.3040461179000008, -0.028556364310000082, 0
'ML4T-310', 0.9785625510600002, -0.029099014599999973, 0
'ML4T-311', -0.2780617792899992, -0.005717940219999829, 0
'ML4T-312', 0.3855333345200016, 0.03770446051000009, 0
'ML4T-313', 0.2511233150800001, -0.005112402909999925, 0
'ML4T-314', -0.19211472223000048, -0.010943048520000054, 0
'ML4T-315', 0.06006771141999856, -0.024648976870000006, 0
'ML4T-316', 0.02959564508000012, -0.0014813583599999625, 0
'ML4T-317', 0.07209186315000049, -0.003414314539999852, 0
'ML4T-318', -0.2238252572900009, -0.011099465809999987, 0
'ML4T-319', 0.01620643112000053, -0.007330208260000082, 0
'ML4T-320', -0.21874152491000043, -0.011235218000000047, 0
'ML4T-321', -0.4611879229100002, -0.021929385219999875, 0
'ML4T-322', -0.31934821229000054, -0.0040456355999999305, 0
'ML4T-323', -0.3331644698600008, -0.0172125086099999, 0
'ML4T-324', -0.2648521217999994, 0.01893024955999989, 0
'ML4T-325', -0.19103020077000066, -0.004320793909999954, 0
'ML4T-326', 0.3003468134599998, -0.008312988439999947, 0
'ML4T-327', 0.2625580318600005, -0.05322507104000007, 0
'ML4T-328', -0.16345477985999934, -0.02149666471999978, 0
'ML4T-329', 0.7037587918200019, -0.06884557091999999, 0
'ML4T-330', -0.4110666177500014, -0.03725211410000018, 0
'ML4T-331', 1.0642831935099997, 0.010811079410000035, 0
'ML4T-332', -0.06075076921999889, -0.05776371711999995, 0
'ML4T-333', 0.7588585110600008, -0.046067737099999895, 0
'ML4T-334', -0.2752220373999986, -0.014462125519999813, 0
'ML4T-335', -0.13532048949999997, -0.007899859750000071, 0
'ML4T-336', 0.06957878693999864, 0.006527671759999798, 0
'ML4T-337', 0.4913804187500006, -0.04569535409999992, 0
'ML4T-338', -0.20292054269000026, 0.03187069939999998, 0
'ML4T-339', 0.2865252196299992, 0.018042173950000073, 0
'ML4T-340', -0.3670812186199991, -0.009491895520000071, 0
'ML4T-341', -0.3199242260899998, -0.009261620440000007, 0
'ML4T-342', 0.9756450811199984, -0.005304976909999981, 0
'ML4T-343', 1.2554332184599999, -0.05441764544000005, 0
'ML4T-344', -0.15515950226999964, 0.020100638710000007, 0
'ML4T-345', -0.22684999439999998, 0.009388856429999759, 0
'ML4T-346', 0.10339182233000055, -0.02111850281999994, 0
'ML4T-347', -0.21115139549000084, 0.008157666860000079, 0
'ML4T-348', 0.89801146255, -0.02434178158, 0
'ML4T-349', -0.2820960438200003, -0.007000622319999983, 0
'ML4T-350', -0.04320995142000039, 0.00548237355000003, 0
'ML4T-351', -0.14400880035000008, -0.0011542214399999917, 0
'ML4T-352', -0.2874234935100005, 0.023149734609999806, 0
'ML4T-353', -0.39110316084999996, -0.014123966300000124, 0
'ML4T-354', -0.08086976038999927, -0.005760275810000048, 0
'ML4T-355', -0.18021712321999872, -0.007710569239999909, 0
'ML4T-356', -0.23258602551000052, 0.014130236890000036, 0
'ML4T-357', -0.4349096353999995, -0.02296728056999997, 0
'ML4T-358', 0.4549771123900008, -0.016705090320000004, 0
'ML4T-359', -0.3419673221200008, -0.010533874520000097, 0
'ML4T-360', 0.6869418650700003, 0.051892486780000135, 0
'ML4T-361', -0.4152264798899996, 0.017641917610000002, 0
'ML4T-362', -0.2116323884099992, -0.024476777800000127, 0
'ML4T-363', 0.6622993821799994, -0.0011402642100001303, 0
'ML4T-364', -0.012252245539999818, -0.003555561449999911, 0
'ML4T-365', 0.051725010319998654, -0.015544970320000018, 0
'ML4T-366', -0.08593393074999989, 0.0028044989000000076, 0
'ML4T-367', 0.3933578449699999, -0.012990321920000159, 0
'ML4T-368', -0.2296578772000002, -0.00022417672999985871, 0
'ML4T-369', -0.1982514052600005, -0.03948325924000007, 0
'ML4T-370', 0.16644434701999944, -0.004247987019999955, 0
'ML4T-371', 0.3346917989999998, -0.021310902029999967, 0
'ML4T-372', -0.03828867852999984, 0.017637298740000196, 0
'ML4T-373', -0.08780152012999942, -1.1342239999989623e-05, 0
'ML4T-374', -0.13922359319000022, -0.05571251288000001, 0
'ML4T-375', -0.4038436544900015, -0.016331931800000032, 0
'ML4T-376', -0.007408241419999517, 0.019123951140000095, 0
'ML4T-377', -0.2565058145900002, -0.012695944979999929, 0
'ML4T-378', 0.15792026732000042, 0.004979762380000086, 0
'ML4T-379', -0.0824130237300007, 0.0057535004, 0
'ML4T-380', 0.16885666876999972, -0.017142245470000095, 0
'ML4T-381', -0.12664528000999953, 0.020718033229999877, 0
'ML4T-382', -0.27137375235999994, -0.02850236562000008, 0
'ML4T-383', 0.12109140761999915, -0.0031597184199999573, 0
'ML4T-384', -0.10711960895999884, -0.006062810699999921, 0
'ML4T-385', 0.2553270440800002, -0.006419543440000175, 0
'ML4T-386', 0.2688795778799997, -0.02709356254000017, 0
'ML4T-387', -0.25404750780000007, -0.04346544853000012, 0
'ML4T-388', -0.21548501261999975, -0.01265094805, 0
'ML4T-389', -0.3144671501300008, -0.021071275959999913, 0
'ML4T-390', 1.0523331506100004, 0.04851365790999984, 0
'ML4T-391', -0.11389419958000069, -0.010355938360000039, 0
'ML4T-392', -0.14303099909000017, 0.056568056869999994, 0
'ML4T-393', -0.11555163417999992, -0.01189386165000006, 0
'ML4T-394', -0.11604163681999957, 0.04610772341000002, 0
'ML4T-395', 0.10624351819000011, 0.021447141990000196, 0
'ML4T-396', -0.0399355485300007, 0.04975009211000003, 0
'ML4T-397', -0.06854601517000014, -0.0007361427800001152, 0
'ML4T-398', -0.24692167174000035, -0.005170291610000155, 0
'ML4T-399', 0.4198067839700004, -0.01444850590999991, 0
'MMC', 0.01898759999999955, -0.006332900000000086, 0
'MMM', 0.01936560000000065, 0.007366100000000042, 0
'MNST', 0.05050970000000099, -0.005386899999999861, 0
'MO', -0.00035280000000004197, -0.0015018000000001086, 0
'MOLX', 0.033751600000000215, -0.007431199999999971, 0
'MON', 0.19654419999999995, -0.054683099999999984, 0
'MOS', 0.23799190000000037, -0.06959640000000011, 0
'MRK', 0.03168480000000118, -0.028812300000000124, 0
'MRO', 0.036457699999999926, -0.03108410000000006, 0
'MS', 0.08337090000000003, -0.03757910000000009, 0
'MSFT', 0.007637299999999847, -0.006980299999999939, 0
'MSI', 0.022542700000000027, -0.061725599999999936, 0
'MTB', 0.1624051000000002, -0.012490099999999948, 0
'MTG', 0.04764889999999933, -0.03223339999999997, 0
'MTW', -0.0025425999999995064, -0.0717504000000001, 0
'MU', 0.010729600000000117, 0.006664999999999921, 0
'MUR', 0.11982839999999961, -0.05646180000000012, 0
'MWV', 0.023831300000000555, 0.0001850999999999381, 0
'MWW', 0.04066910000000035, -0.029149300000000045, 0
'MYL', -0.005065799999999565, 0.008577899999999916, 0
'NBL', 0.08413150000000091, -0.0150146000000001, 0
'NBR', -0.01591480000000023, -0.013440500000000077, 0
'NCC', -0.02915719999998645, -0.027932999999999875, 2
'NDAQ', 0.1397178999999995, -0.057699500000000015, 0
'NE', 0.007910400000000095, -0.031083799999999884, 0
'NEE', 0.04027309999999984, -0.017971100000000018, 0
'NEM', 0.08383559999999934, -0.009022600000000103, 0
'NFLX', 0.052064099999998836, 0.05646660000000003, 0
'NFX', 0.058373900000000534, -0.010027699999999862, 0
'NI', -0.0012659000000007081, -0.0024788000000000032, 0
'NKE', 0.06928479999999992, 0.008098999999999856, 0
'NOC', 0.0305653999999993, -0.031234600000000112, 0
'NOV', 0.0508871999999998, -0.058952000000000004, 0
'NOVL', -0.006856200000000423, -0.005367300000000075, 0
'NRG', 0.024393799999999466, -0.0391203, 0
'NSC', 0.055318899999999394, 0.009293700000000182, 0
'NTAP', 0.04628040000000033, 0.018691199999999908, 0
'NTRS', 0.2076098000000004, -0.036593600000000004, 0
'NU', 0.009600199999999504, -0.005853799999999909, 0
'NUE', 0.13006470000000037, -0.01518189999999997, 0
'NVDA', 0.03322789999999998, -0.02937590000000012, 0
'NVLS', 0.033356500000000455, -0.007278699999999971, 0
'NWL', 0.010142999999999791, -0.016484999999999972, 0
'NWSA', 0.006129500000000343, -0.011841600000000008, 0
'NYT', -0.007190599999999936, -0.008888199999999902, 0
'NYX', 0.12294329999999976, -0.09653199999999995, 0
'ODP', -0.0009630999999996614, -0.014518600000000048, 0
'OI', 0.06096619999999997, -0.0322325, 0
'OKE', -0.0069309999999999095, 0.002831299999999981, 0
'OMC', 0.0341757999999992, -0.011653100000000083, 0
'OMX', 0.03370420000000052, -0.013818300000000061, 0
'ORCL', 0.004085500000000408, 0.0036623999999998436, 0
'ORLY', 0.0462777999999997, 0.010676499999999978, 0
'OXY', 0.10601280000000046, 0.009518399999999927, 0
'PAYX', 0.004821600000001425, -0.003459299999999943, 0
'PBCT', 0.010173300000000163, 0.00043239999999999945, 0
'PBG', -0.01591169999999964, -0.0039036999999999544, 0
'PBI', -0.006415599999999411, -0.018801100000000015, 0
'PCAR', 0.09166570000000118, -0.029235400000000134, 0
'PCG', 0.009960999999999887, 0.007639799999999974, 0
'PCL', 0.0959639000000001, -0.006777799999999945, 0
'PCLN', 0.08907100000000012, 0.20280450000000005, 0
'PCP', 0.08144830000000036, -0.056912000000000074, 0
'PCS', 0.0220556999999999, -0.022501800000000127, 0
'PDCO', 0.00857049999999937, -0.010647500000000032, 0
'PEP', 0.00223900000000099, -0.020291199999999954, 0
'PFE', -0.0015332000000004564, -0.004504199999999958, 0
'PFG', 0.16307139999999953, -0.07785130000000007, 0
'PG', -0.0012479999999995828, -0.015762300000000007, 0
'PGN', -0.005328099999999281, -0.0028247000000000133, 0
'PGR', 0.026678400000000213, -0.0012047000000000585, 0
'PH', 0.017352100000000314, -0.02944659999999999, 0
'PHM', 0.04585249999999941, -0.00098189999999998, 0
'PKI', 0.0023194000000004156, -0.008778100000000011, 0
'PLD', 0.06737600000000121, -0.04825999999999997, 0
'PLL', 0.009662399999999849, -0.005074200000000029, 0
'PM', -0.013677299999999115, 0.0038179000000000407, 2
'PNC', 0.20310620000000013, -0.016463500000000075, 0
'PNW', 0.014867599999999426, -0.0009594000000000547, 0
'POM', 0.010194700000000445, -0.01548039999999995, 0
'PPG', 0.04088080000000005, -0.010048599999999963, 0
'PPL', 0.010523999999999978, -0.026287199999999844, 0
'PRGO', 0.0302233999999999, 0.011554999999999982, 0
'PRU', 0.2001138, -0.07169619999999999, 0
'PSA', 0.27999099999999966, 0.02094039999999997, 0
'PTV', 0.01947830000000006, -0.004400300000000024, 0
'PWR', 0.06541550000000007, -0.010947199999999824, 0
'PX', 0.1171217000000011, -0.008891499999999941, 0
'PXD', -0.012771799999999445, -0.0025668000000000912, 0
'Q', -0.006314500000000667, -0.003192100000000031, 0
'QCOM', 0.02925819999999879, 0.016223499999999946, 0
'QLGC', 0.002489100000000244, 0.009775099999999926, 0
'R', 0.08894069999999954, -0.006073600000000012, 0
'RAI', -0.010708199999999946, -0.0036843000000000847, 0
'RDC', 0.05923880000000015, -0.0344198, 0
'RF', 0.06958879999999912, -0.031538399999999966, 0
'RHI', 0.03690529999999992, 0.0034970999999999197, 0
'RHT', 0.009926999999998909, 0.019885999999999848, 0
'RIG', 0.11601130000000004, -0.12121190000000004, 0
'RL', 0.09303210000000028, 0.03743980000000002, 0
'ROH', -0.12736209999999903, 0.051065099999999974, 2
'ROK', 0.054142200000000695, -0.030649700000000002, 0
'ROP', 0.10313810000000112, -0.016766499999999906, 0
'ROST', 0.001122699999999588, 0.017195199999999966, 0
'RRC', 0.09582999999999964, -0.006172999999999984, 0
'RRD', 0.0012765000000005688, -0.018020399999999936, 0
'RSG', 0.011241600000000407, -0.0018520000000000758, 0
'RSH', 0.007790799999999987, 0.005900500000000086, 0
'RTN', 0.006137500000000795, -0.011657100000000087, 0
'S', 0.01176550000000054, -0.019065700000000074, 0
'SAI', 0.014583400000000468, -0.001534999999999953, 0
'SBUX', 0.016930800000001023, 0.006613499999999828, 0
'SCG', 0.011884099999999842, -0.00011729999999998686, 0
'SCHW', 0.04645259999999962, -0.010468299999999986, 0
'SDS', 0.33590160000000036, -0.020839199999999947, 0
'SE', 0.005548600000000459, -0.005188799999999882, 0
'SEE', 0.0054197999999994195, -0.00020340000000007574, 0
'SGP', -0.007254100000001817, 0.002936400000000061, 2
'SH', 0.05102470000000081, -0.0011496999999999202, 0
'SHLD', 0.13120110000000063, -0.04116350000000002, 0
'SHW', 0.046343800000000046, 0.013801300000000127, 0
'SIAL', 0.030258399999999908, -0.004635799999999857, 0
'SII', 0.1077842, -0.0963581, 0
'SINE_FAST', 0.14094783234954966, 0.0004882213568919713, 0
'SINE_FAST_NOISE', 2.219947964485885, 0.009908374247308949, 0
'SINE_SLOW', -0.12703171963065285, 0.03198508687742807, 0
'SINE_SLOW_NOISE', 2.4313390844637888, 0.02870979425316511, 0
'SJM', -0.009390400000000909, 0.024056599999999984, 0
'SLB', 0.16646169999999993, -0.06506970000000001, 0
'SLE', 0.007384700000000244, -0.005251999999999923, 0
'SLM', 0.03254170000000056, -0.01593140000000004, 0
'SNA', 0.04306019999999977, -0.004427099999999906, 0
'SNDK', 0.05105500000000096, -0.009180599999999983, 0
'SNI', -0.05058109999999916, -0.001734200000000019, 2
'SNV', 0.033964100000000164, -0.015755199999999858, 0
'SO', 0.006273200000000312, -0.002814499999999942, 0
'SPG', 0.20681449999999857, -0.0008905000000000163, 0
'SPLS', 0.04604350000000057, 0.005125400000000058, 0
'SPY', 0.09212099999999968, -0.053945200000000026, 0
'SRCL', 0.029548800000000375, -0.006669099999999983, 0
'SRE', 0.03663370000000077, -0.004662500000000014, 0
'SSP', -0.00031520000000051507, -0.005885800000000052, 0
'STI', 0.061465599999999565, -0.07074800000000003, 0
'STJ', 0.0810305, -0.007745800000000025, 0
'STR', 0.0024127999999996597, -0.0076616999999999935, 0
'STT', 0.20719640000000084, -0.0671931, 0
'STX', 0.003983899999999485, -0.010389599999999888, 0
'STZ', 0.01040620000000092, -0.015693100000000015, 0
'SUN', 0.05859319999999957, -0.08067410000000008, 0
'SVU', -0.007481899999999597, -0.035200600000000026, 0
'SWK', 0.0809316999999996, 0.013751999999999986, 0
'SWN', 0.11563220000000096, 0.03680590000000006, 0
'SWY', 0.013511400000000062, -0.021702800000000022, 0
'SYK', 0.04311670000000056, -0.04418680000000008, 0
'SYMC', 0.029770399999998975, 0.0031214999999999993, 0
'SYY', 0.01078220000000063, -0.0013128000000000029, 0
'T', 0.010974100000000098, -0.015530099999999991, 0
'TAP', -0.023692900000000572, -0.007286699999999979, 0
'TDC', 0.01236640000000011, 0.00839830000000008, 0
'TE', -0.00745369999999923, 0.001386700000000074, 0
'TEG', 0.008564900000000097, -0.005102599999999957, 0
'TEL', 0.02786939999999971, -0.019976899999999853, 0
'TER', -0.01102000000000003, 0.000933100000000131, 0
'TEX', 0.03301390000000004, -0.08672369999999996, 0
'TGT', 0.07148869999999974, -0.00047199999999991693, 0
'THC', -0.0014093000000006128, 0.0004569999999999297, 0
'TIE', 0.04310429999999976, -0.02574730000000014, 0
'TIF', 0.07403099999999951, 0.0006484999999998298, 0
'TJX', 0.002558700000000025, 0.008492999999999862, 0
'TLAB', -0.0023372000000001503, -0.0016543000000001085, 0
'TMK', 0.055064199999999675, -0.01921839999999997, 0
'TMO', 0.05476020000000026, -0.01736890000000002, 0
'TROW', 0.13210790000000028, -0.006589600000000084, 0
'TRV', 0.1009993999999994, -0.000618699999999972, 0
'TSN', 0.00428129999999971, -0.005182599999999926, 0
'TSO', 0.04201549999999954, -0.06456810000000013, 0
'TSS', -0.01388879999999959, -0.017413399999999912, 0
'TWC', 0.08158109999999996, -0.04805690000000007, 0
'TWX', 0.019108299999999634, -0.010526900000000006, 0
'TXN', -0.003789700000000007, -0.010281100000000043, 0
'TXT', -0.02129409999999976, -0.09118240000000011, 0
'TYC', -0.017142199999999108, -0.0043703999999998855, 0
'UIS', 0.04828259999999962, -0.015522599999999942, 0
'UNH', 0.04134009999999955, -0.05152199999999996, 0
'UNM', 0.044951399999999975, -0.006542300000000112, 0
'UNP', 0.1520052999999999, 0.006207700000000038, 0
'UPS', 0.05155059999999989, -0.015146300000000057, 0
'URBN', 0.05353400000000019, 0.014377199999999979, 0
'USB', 0.07588839999999997, -0.013475299999999968, 0
'UTX', 0.04806299999999997, -0.005618899999999982, 0
'V', 0.10272469999999823, 0.060195599999999905, 2
'VAR', 0.04079750000000004, -0.011829199999999984, 0
'VFC', 0.06262620000000085, 0.017510100000000195, 0
'VIA.B', 0.024889099999999553, -0.02623299999999984, 0
'VIAB', 0.026484499999999578, -0.02596529999999997, 0
'VLO', 0.06389840000000002, -0.09583439999999988, 0
'VMC', 0.17098690000000016, -0.03750660000000006, 0
'VNO', 0.18703500000000117, -0.01976880000000003, 0
'VRSN', 0.026641200000000476, -0.024666500000000036, 0
'VTR', 0.09871710000000022, 0.006439700000000048, 0
'VZ', 0.03858509999999993, -0.010094400000000059, 0
'WAG', 0.0055896999999989205, -2.5500000000011624e-05, 0
'WAMUQ', -0.031364800000011406, -0.004462999999999995, 2
'WAT', -0.03416989999999942, -0.031166099999999974, 0
'WB', -0.0005603000000132807, -0.06388610000000006, 2
'WDC', 0.039214400000000094, 0.030173499999999853, 0
'WEC', -0.0064192999999990175, 0.0035859000000000307, 0
'WEN', 0.0014620000000002964, -0.007102700000000017, 0
'WFC', 0.06856210000000051, -0.0012609000000000092, 0
'WFM', 0.006630099999999528, -0.023615400000000064, 0
'WFR', 0.061829699999999876, -0.1493521000000001, 0
'WFT', 0.05113039999999991, -0.03585280000000002, 0
'WHR', 0.06267230000000046, 0.009334699999999918, 0
'WIN', -0.0030951999999997426, 0.0005673000000001593, 0
'WLP', 0.13228520000000032, -0.057411199999999996, 0
'WM', 0.014663399999999882, 0.006088899999999953, 0
'WMB', 0.012595699999999876, -0.02031470000000002, 0
'WMT', 0.017489199999999316, 0.014460699999999882, 0
'WPI', 0.006278800000000695, 0.0245960999999999, 0
'WPO', 0.8307278000000002, -0.6184627, 0
'WU', 0.01278009999999985, -0.008338699999999921, 0
'WY', 0.01569419999999999, -0.017242700000000055, 0
'WYE', -0.041933199999998005, 0.011858200000000041, 2
'WYN', 0.024043700000000445, -0.0049232000000000165, 0
'WYNN', 0.2669537000000002, -0.08858250000000001, 0
'X', 0.062275300000000255, -0.11087020000000003, 0
'XEL', -0.010434999999999528, 0.0014292000000000193, 0
'XL', 0.04997139999999978, -0.05085709999999988, 0
'XLNX', 0.04123529999999942, 0.008818800000000016, 0
'XOM', 0.044788800000001405, -0.04167200000000015, 0
'XRAY', 0.010784799999999928, -0.016911700000000085, 0
'XRX', 0.0023573000000007838, -0.013284700000000038, 0
'XTO', 0.06500769999999978, -0.012405699999999964, 0
'YHOO', 0.04436690000000021, -0.014483999999999941, 0
'YUM', 0.026628500000000166, -0.003313200000000016, 0
'ZION', 0.11196919999999988, -0.06133710000000003, 0
'ZMH', 0.06544789999999989, -0.015725800000000012, 0

